8.131545528362039
7.102612547168974
6.297940572650987
6.370864372307551
7.925044156785589
7.319038785251905
6.351467621454503
8.323069475663942
5.839465004071826
6.096564895327901
5.293250036069367
7.370504911596072
7.342242566082859
6.181510803275160
7.790590839911602
8.835055201081559
5.796443678918877
7.288557343039429
7.113963427575072
5.825553260874585
8.650679684622446
8.158761941871489
7.632693829684285
7.202998598819249
7.821232467103982
7.031976779748220
5.975290423077240
7.344751759432256
7.943295604927698
6.929963501504972
